{
  "discovery": {
    "TP-base": 222,
    "TP-call": 238,
    "FP": 1443,
    "FN": 403,
    "precision": 0.14158239143367043,
    "recall": 0.3552,
    "f1": 0.20246315611995433,
    "base cnt": 625,
    "call cnt": 1665,
    "base size filtered": 2107,
    "call size filtered": 132893,
    "base gt filtered": 0,
    "call gt filtered": 0,
    "TP-call_TP-gt": 143,
    "TP-call_FP-gt": 95,
    "TP-base_TP-gt": 138,
    "TP-base_FP-gt": 84,
    "gt_precision": 0.08506841165972635,
    "gt_recall": 0.25508317929759705,
    "gt_f1": 0.12758735505477772
  },
  "results": {
    "TP-base": 157,
    "TP-call": 161,
    "FP": 141,
    "FN": 468,
    "precision": 0.5331125827814569,
    "recall": 0.2512,
    "f1": 0.34149109356318263,
    "base cnt": 625,
    "call cnt": 298,
    "base size filtered": 2107,
    "call size filtered": 126231,
    "base gt filtered": 0,
    "call gt filtered": 0,
    "TP-call_TP-gt": 128,
    "TP-call_FP-gt": 33,
    "TP-base_TP-gt": 126,
    "TP-base_FP-gt": 31,
    "gt_precision": 0.423841059602649,
    "gt_recall": 0.21212121212121213,
    "gt_f1": 0.2827390343957084
  }
}
